1 2.234527561
2 1.219004049
3 .837294996
4 .636127186
5 .532714366
6 .464238392
7 .439754228
8 .402493863
9 .408683971
10 .364146394
11 .344422511
12 .359238655
13 .386906358
14 .363518615
15 .384473064
16 .374843857
17 .350509980
18 .345091446
19 .346099442
20 .335598938
21 .345926253
22 .343886223
23 .329743146
24 .328306681
25 .334948537
26 .333970461
27 .329021494
28 .333605052
29 .332658172
30 .332143100
31 .331839927
32 .329926956
33 .325691445
34 .325711465
35 .326569470
36 .325916008
37 .324816470
38 .325975410
39 .325590114
40 .328572749
41 .325683793
42 .321542308
43 .322604187
44 .320917045
45 .325377856
46 .326060887
47 .323451345
48 .327821465
49 .320272602
50 .323545410
